801230
801232
801234
801237
801239
801240
801241
801243
801245
801246
801247
801248
801250
801255
801256
801259
801261
801265
801267
801269
801277
801279
801282
801284
801286
801288
801289
801290
801291
801301
801302
801320
801322
801324
801325
801327
801328
801329
801330
801331
801332
801335
801337
801338
801340
801341
801343
801344
801346
801347
801349
801350
801352
801353
801355
801356
801358
801359
801361
801362
801364
801365
801367
801368
801370
801371
801373
801374
801376
801377
801379
801380
801383
801387
801390
801391
801394
801397
801398
801400
801402
801404
801407
801408
801410
801411
801418
801422
801428
801429
801431
801435
801442
801443
801445
801449
801455
801464
801465
801469
801471
801473
801475
801481
801485
801488
801489
801490
801491
801493
801496
801497
801499
801500
801502
801503
801505
801509
801511
801512
801515
801516
801517
801520
801521
801523
801527
801528
801530
801531
801533
801534
801535
801536
801538
801539
801541
801543
801544
801546
801547
801549
801550
801552
801553
801555
801556
801559
801560
801562
801563
801565
801566
801577
801580
801586
801589
801595
801596
805627
805628
805631
805632
805949
805956
806019
806025
806027
806030
806031
806033
806039
806048
806068
806108
806151
806176
806191
806212
806218
806224
806266
806288
806348
806367
806370
806388
806391
806394
806397
806400
806403
806406
806425
806447
806467
806470
806473
806476
806479
806489
806510
806525
806574
806576
806577
806578
806579
806580
806581
806584
806585
806586
806606
806611
806612
806614
806616
806617
806674
806676
806751
806773
806774
806945
807246
807270
807271
807272
807285
807286
807306
807325
807345
807365
807790
807804
807811
807818
807830
807897
808109
808131
808191
808210
808232
808254
808273
808292
808293
808325
808345
808372
808373
808392
808393
808412
808474
808485
808512
808525
808584
808586
808622
808909
808916
808945
808969
808988
808993
808994
808998
809011
809022
809036
809038
809048
809070
809071
809098
809100
809115
809117
809125
809126
809171
809172
809187
809188
809201
809202
809210
809211
809236
809238
809250
809252
809258
809259
809271
809273
809285
809287
809293
809294
809300
809301
809307
809308
809320
809322
809334
809336
809342
809343
809485
809498
809912
809925
809952
809953
809960
809961
809968
809969
809977
809978
809986
809987
810124
810131
810143
810165
810190
810210
810230
810245
810259
810266
810273
810280
810316
810345
810369
810370
810371
810372
810373
810379
810380
810381
810382
812586
812588
812590
812601
812602
812609
812610
812648
812649
812651
812652
812654
812655
812657
812658
812690
812704
812705
812717
812730
812731
812744
812745
812776
812777
812788
812789
812800
812801
812811
812812
812821
812822
812831
812832
813015
813016
813017
813048
813058
813068
813079
813316
813333
813973
813980
813993
813994
813995
814010
814013
814027
814028
814211
814216
814217
814480
814481
814499
814500
814506
814507
814514
814515
814526
814527
814533
814534
814548
814549
814552
814553
814566
814567
814860
814862
815317
815332
815347
816004
816009
816010
816021
816033
816034
816047
816048
816061
816062
816077
816084
816090
816106
816107
816113
816114
816134
816150
816155
816193
816194
816210
816211
816218
816219
816241
816253
816255
816268
816269
816285
816286
816299
816301
816313
816328
816364
816382
816383
816400
816401
816418
816419
816432
816446
816450
816464
816480
816481
816494
816495
816509
816510
816966
816967
817198
817213
817402
817403
817544
817545
817546
817547
817553
817586
817788
817789
817790
817791
818157
818158
818159
818160
818161
818162
818163
818165
818176
818177
818178
818179
818190
818191
818194
818195
818196
818199
818200
818201
818202
818203
818204
818205
818206
818207
818210
818211
818216
818218
818219
818220
818221
818223
818224
818225
818238
818239
818240
818241
818549
818550
818553
818554
818573
818574
818575
818576
818577
818578
818579
818580
818581
818582
818583
818584
818585
818586
818593
818594
818601
818602
818606
818607
818608
818609
818610
818611
818614
818615
818616
818617
818618
818619
818620
818721
818722
818723
818724
818928
818929
819038
819045
819046
819047
819048
819049
819050
819051
819052
819053
819054
819055
819056
819057
819058
819059
819060
819061
819062
819063
819081
819086
819114
819119
819129
819131
819141
819142
819153
819179
819180
819181
819182
819183
819184
819185
819186
819187
819190
819191
819206
819207
819448
819449
819454
819455
819460
819461
819472
819473
819478
819479
819484
819485
819491
819492
819498
819499
819504
819505
819514
819515
819520
819521
819526
819527
819532
819533
819538
819539
819545
819546
819552
819553
819575
819576
819599
819600
819605
819606
819613
819614
819634
819654
819659
819684
819685
819695
819702
819703
819709
819710
819716
819717
819723
819728
819751
819756
819765
819767
819769
819779
819780
819852
819857
819878
819893
819894
819930
819941
819943
819945
819956
819957
819963
819964
819973
819975
820000
820001
820070
820071
820088
820092
820097
820101
820105
820110
820114
820118
820122
820127
820130
820148
820152
820156
820161
820177
820201
820202
820250
820288
820355
820356
820363
820364
820369
820387
820470
820487
820489
820549
820559
820631
820634
820671
820672
820701
820706
820712
820713
820719
820720
820726
820727
820735
820736
820737
820738
820782
820783
820786
820787
820846
820849
820850
820851
820852
820853
820854
821111
821286
821287
821297
821298
821495
821496
821506
821507
821519
821520
821532
821533
821546
821547
821559
821560
821572
821573
821610
821611
821617
821618
821624
821625
821631
821632
821645
821646
821652
821653
821659
821660
821666
821667
822175
822176
822288
822370
822504
822589
822592
823030
823031
823132
823180
823190
823191
823210
823211
823242
823245
823285
823286
823289
823307
823308
823309
823327
823328
823337
823338
823346
823347
823428
823430
823433
823434
823438
823439
823442
823443
823447
823448
823451
823452
823456
823457
823464
823465
823570
823571
823695
823715
823720
823858
823913
823914
823977
823978
824021
824024
824042
824044
824055
824056
824068
824069
824105
824108
824122
824125
824164
824166
824180
824183
824203
824205
824226
824232
824263
824264
824266
824267
824280
824281
824302
824303
824305
824306
824333
824334
824342
824343
824371
824372
824448
824449
824450
824451
824529
824530
824677
824679
824695
824697
824715
824717
824734
824752
824754
824917
824977
824978
825018
825036
825053
825089
825090
825095
825096
825103
825104
825108
825109
825114
825115
825120
825121
825149
825150
825154
825180
825334
825337
825359
825360
825531
825534
825549
825570
825572
825646
825661
825667
825668
825675
825676
825684
825685
825689
825690
825693
825694
825697
825701
825702
825706
825711
825712
825715
825733
825734
825735
825736
825748
825749
825767
825784
825787
825802
825818
825820
825834
825840
825845
825849
825859
825860
825866
825867
825873
825874
825879
825880
825886
825887
825892
825893
825898
825899
825904
825905
825910
825911
825916
825917
825923
825929
825939
825944
825947
825948
825952
825953
825987
825990
826010
826013
826017
826025
826032
826038
826043
826055
826060
826061
826067
826068
826074
826081
826082
826083
826088
826089
826100
826105
826110
826116
826123
826124
826139
826149
826150
826159
826165
826166
826170
826176
826177
826215
826226
826227
826232
826233
826238
826247
826248
826249
826339
826356
826362
826363
826368
826369
826374
826375
826380
826381
826399
826400
826404
826405
826412
826413
826416
826417
826422
826423
826468
826469
826496
826520
826521
826522
826582
826629
826631
826651
826662
826663
826664
826679
826680
826691
826692
826699
826700
826710
826711
826720
826721
826727
826728
826734
826735
826741
826742
826748
826749
826755
826756
826762
826763
826788
826789
826802
826803
826815
826816
826820
826821
826857
826865
827014
827015
827036
827038
827063
827066
827091
827092
827111
827112
827131
827133
827150
827152
827194
827195
827210
827211
827222
827223
827241
827244
827247
827250
827251
827261
827278
827279
827296
827299
827311
827314
827474
827477
827478
827489
827490
827501
827502
827506
827519
827704
827706
827738